0 0.101315789 0.5
1 0.101315789 0.442105263
2 0.101315789 0.384210526
3 0.120394737 0.328947368
4 0.176315789 0.309210526
5 0.234210526 0.309210526
6 0.290131579 0.328947368
7 0.328289474 0.290789474
8 0.309210526 0.234210526
9 0.309210526 0.176315789
10 0.328289474 0.121052632
11 0.384210526 0.101315789
12 0.442105263 0.101315789
13 0.5 0.101315789
14 0.557894737 0.101315789
15 0.615789474 0.101315789
16 0.671710526 0.121052632
17 0.690789474 0.176315789
18 0.690789474 0.234210526
19 0.671710526 0.289473684
20 0.709868421 0.328947368
21 0.765789474 0.309210526
22 0.823684211 0.309210526
23 0.879605263 0.328947368
24 0.898684211 0.384473684
25 0.898684211 0.442105263
26 0.898684211 0.5
27 0.898684211 0.557894737
28 0.898684211 0.615789474
29 0.879605263 0.671052632
30 0.823684211 0.690789474
31 0.765789474 0.690789474
32 0.709868421 0.671052632
33 0.671710526 0.710526316
34 0.690789474 0.765789474
35 0.690789474 0.823684211
36 0.671710526 0.878947368
37 0.615789474 0.898684211
38 0.557894737 0.898684211
39 0.5 0.898684211
40 0.442105263 0.898684211
41 0.384210526 0.898684211
42 0.328289474 0.880263158
43 0.309210526 0.823684211
44 0.309210526 0.765789474
45 0.328289474 0.710526316
46 0.290131579 0.671052632
47 0.234210526 0.690789474
48 0.176315789 0.690789474
49 0.120394737 0.671052632
50 0.101315789 0.615789474
51 0.101315789 0.557894737
52 0.171052632 0.5
53 0.5 0.171052632
54 0.828947368 0.5
55 0.5 0.828947368
56 0.226315789 0.5
57 0.5 0.226315789
58 0.773684211 0.5
59 0.5 0.773684211
60 0.281578947 0.5
61 0.5 0.281578947
62 0.718421053 0.5
63 0.5 0.718421053
64 0.336842105 0.5
65 0.5 0.336842105
66 0.663157895 0.5
67 0.5 0.663157895
68 0.392105263 0.5
69 0.5 0.392105263
70 0.607894737 0.5
71 0.5 0.607894737
72 0.453947368 0.5
73 0.5 0.455263158
74 0.546052632 0.5
75 0.5 0.544736842
76 0.073684211 0.289473684
77 0.710526316 0.073684211
78 0.921052632 0.710526316
79 0.289473684 0.926315789
80 0.1 0.2
81 0.8 0.1
82 0.9 0.8
83 0.2 0.9
84 0.2 0.2
85 0.8 0.2
86 0.8 0.8
87 0.2 0.8
88 0.2 0.1
89 0.9 0.2
90 0.8 0.9
91 0.1 0.8
92 0.1 0.1
93 0.9 0.1
94 0.9 0.9
95 0.1 0.9